Air_Passengers.tsd <-
structure(c(10851L, 11161L, 21471L, 20633L, 15383L, 13385L, 6835L, 
7314L, 7501L, 8523L, 8003L, 8425L, 12726L, 15073L, 19881L, 20096L, 
17109L, 13909L, 10820L, 10552L, 10636L, 10102L, 11990L, 13072L, 
11106L, 11568L, 14752L, 14796L, 13541L, 9047L, 5406L, 5970L, 
5668L, 5109L, 5687L, 6169L, 7551L, 12183L, 11263L, 10856L, 18458L, 
11687L, 10591L, 12823L, 11565L, 11101L, 12397L, 10367L, 14103L, 
17568L, 20308L, 19816L, 17359L, 15184L), .Tsp = c(2007.08333333333, 
2011.5, 12), class = c("tsd", "ts"), time.units = "Year", data.title = "Air traffic passengers from 2007 February to 2015 October", response.units = "Passengers")
